%YAML:1.0
calibration_time: "Tue Dec 19 17:25:26 2017"
nframes: 25
image_Width: 640
image_Height: 480
board_Width: 9
board_Height: 6
square_Size: 2.5000000372529030e-02
flags: 0
camera_matrix: !!opencv-matrix
   rows: 3
   cols: 3
   dt: d
   data: [ 3.5597148004646334e+02, 0., 3.2088242125452439e+02, 0.,
       3.5326053360120619e+02, 2.2154617556044917e+02, 0., 0., 1. ]
distortion_coefficients: !!opencv-matrix
   rows: 5
   cols: 1
   dt: d
   data: [ -5.2454281844056627e-01, 3.5477512786659843e-01,
       8.0469067174344534e-03, 2.6386191054746308e-03,
       -1.1534446546161201e-01 ]
# a set of 6-tuples (rotation vector + translation vector) for each view
extrinsic_parameters: !!opencv-matrix
   rows: 25
   cols: 6
   dt: d
   data: [ -2.2024946053126417e-02, 6.1605085236786969e-02,
       3.9642918388847178e-03, -1.0126154160446897e-01,
       -3.9977459334130390e-02, 2.6266286152722507e-01,
       -1.0015771447399881e-01, 1.2540068572634813e-01,
       -1.1223270345672916e-02, -9.7654473759287527e-02,
       -3.2052390246256404e-02, 4.2017362907864153e-01,
       3.3539845138016243e-02, -1.9888366968695489e-02,
       -1.4938919373988805e-02, -2.0250527990972700e-01,
       -1.1967596140052915e-01, 2.8693124645133150e-01,
       2.4326632560796386e-02, -4.8961511522066688e-04,
       -5.1445115236607192e-02, -2.4228271916234528e-01,
       1.6338192890052065e-02, 2.8839185079138940e-01,
       -1.7676585564911140e-02, 1.9163075189371445e-01,
       6.2945902908633656e-03, -3.0812037822545379e-02,
       -9.3587328288677243e-03, 3.0648384018517849e-01,
       5.4855005958369153e-03, 1.0239697064300476e-01,
       4.0255786017124047e-02, -2.8118717890352869e-02,
       -1.3873752972736514e-01, 2.8355024226859932e-01,
       -1.2122245861672681e-02, 7.3710734801523195e-02,
       -4.0649547869104671e-02, -2.0032893835026491e-01,
       -6.0449669604532505e-02, 1.9899236465521680e-01,
       -4.5417692505815101e-02, 1.4363703089353208e-01,
       -8.4637781443932223e-05, -7.8851918082635850e-02,
       -5.8069880918438566e-02, 1.7687087775569801e-01,
       -3.5181088611311445e-02, 1.2565318418106064e-01,
       -1.2421704646659669e-02, -1.1988844802775014e-01,
       -6.1727727943246088e-02, 1.4110480833453978e-01,
       -4.8077689604556739e-01, 1.0499428751698868e-01,
       -2.2842001960915632e-03, -1.6690909799215944e-02,
       -1.9382132553258641e-01, 3.1818800154163590e-01,
       -4.1278967679096240e-01, 2.3577100518578570e-01,
       -2.9652185788821232e-02, -5.6959675173259013e-02,
       -2.4759477556840284e-02, 2.5639664129351580e-01,
       -3.9755547441229777e-01, 1.5081391392105242e-01,
       -7.0823856936719984e-02, -1.8660007810360860e-01,
       -1.3533500529476293e-02, 2.4877099203734254e-01,
       -2.6638810834797860e-01, 7.5515146976098124e-03,
       -3.0580790312828954e-02, -1.0962695176240987e-01,
       -3.3561199944313738e-02, 3.9780291108295734e-01,
       -9.6224870879935295e-02, 1.2166395145019207e-01,
       1.7528143007398574e-02, -9.9715638649872262e-02,
       -6.2449906749363016e-02, 1.5320442157451966e-01,
       -1.0616890010904008e-01, 1.4882304053176956e-01,
       1.7458788790487931e-02, -9.5123582557795724e-02,
       -6.6108469773983478e-02, 1.7194559018074684e-01,
       -2.2486814598060006e-01, 3.7003941409167407e-01,
       -9.1365274053641435e-02, -1.4175649887121716e-01,
       -5.0711056231634521e-02, 2.1336160974366614e-01,
       1.9587999819462520e-01, 4.0073017288428447e-01,
       -5.8125867992873954e-02, -1.6052531698621714e-01,
       -4.1020726279194251e-02, 2.0759002742631344e-01,
       -1.2694473332245684e-01, 4.8589006847188303e-02,
       -1.2169572633190284e-01, -1.9072234042905442e-01,
       -4.3384830945601485e-03, 1.9571859983405210e-01,
       1.3284651145834517e-01, 9.2034767821439670e-02,
       -2.6599944002959491e-02, -1.7774341088882709e-01,
       -7.5781440119512183e-02, 1.9077487521767639e-01,
       -1.4253999390409641e-01, 1.5336782408697258e-01,
       -8.2638082939002645e-03, -9.3322637199892797e-02,
       -5.0594163908345868e-02, 2.0364244535703019e-01,
       -1.3750280043879581e-01, 1.5885185487957207e-01,
       -1.3094056567677067e-02, -9.4115399975531172e-02,
       -5.2682087673613126e-02, 2.0684135611250398e-01,
       -1.3905815544859965e-01, 1.6359124408316564e-01,
       -1.0910989478446174e-02, -9.3782098641961992e-02,
       -5.3461626351689898e-02, 2.0989081190137604e-01,
       -1.8605680790406404e-01, -2.2443019434873410e-01,
       -1.3055940077866767e-02, -5.3401076204996220e-02,
       -7.0169787767628208e-02, 1.6627262487475258e-01,
       -1.8909249017714189e-01, -2.1452401200644383e-01,
       -9.1990588458325476e-03, -5.2237044812608803e-02,
       -7.0799216468757226e-02, 1.6999304030981438e-01,
       -1.8464000836683772e-01, -2.1441857191429850e-01,
       -1.1243637856828576e-02, -5.2426382570091114e-02,
       -7.0931256532467943e-02, 1.6931153573004259e-01 ]
