%YAML:1.0
R: !!opencv-matrix
   rows: 3
   cols: 3
   dt: d
   data: [ 9.9997100137831507e-01, -1.7993904276756021e-03,
       -7.3999051709181538e-03, 1.8364106304403511e-03,
       9.9998581846620238e-01, 4.9990461565838831e-03,
       7.3908049931112026e-03, -5.0124904556557350e-03,
       9.9996012467547213e-01 ]
T: !!opencv-matrix
   rows: 3
   cols: 1
   dt: d
   data: [ -7.8751503011888415e+00, -6.5340191907635736e-02,
       1.4527572428727188e-02 ]
R1: !!opencv-matrix
   rows: 3
   cols: 3
   dt: d
   data: [ 9.9993648525357737e-01, 6.5065124777872844e-03,
       -9.2027579615461645e-03, -6.4833090353491659e-03,
       9.9997573449160027e-01, 2.5489472212866498e-03,
       9.2191194088460608e-03, -2.4891210017080347e-03,
       9.9995440501753075e-01 ]
R2: !!opencv-matrix
   rows: 3
   cols: 3
   dt: d
   data: [ 9.9996388025368876e-01, 8.2967091849235203e-03,
       -1.8446692622918369e-03, -8.3013297605941411e-03,
       9.9996238958910177e-01, -2.5114401166156691e-03,
       1.8237631952399912e-03, 2.5266626118812829e-03,
       9.9999514492014063e-01 ]
P1: !!opencv-matrix
   rows: 3
   cols: 4
   dt: d
   data: [ 5.3845139040381059e+02, 0., 3.1471402359008789e+02, 0., 0.,
       5.3845139040381059e+02, 2.3458003044128418e+02, 0., 0., 0., 1.,
       0. ]
P2: !!opencv-matrix
   rows: 3
   cols: 4
   dt: d
   data: [ 5.3845139040381059e+02, 0., 3.1471402359008789e+02,
       -4.2405387964996726e+03, 0., 5.3845139040381059e+02,
       2.3458003044128418e+02, 0., 0., 0., 1., 0. ]
Q: !!opencv-matrix
   rows: 4
   cols: 4
   dt: d
   data: [ 1., 0., 0., -3.1471402359008789e+02, 0., 1., 0.,
       -2.3458003044128418e+02, 0., 0., 0., 5.3845139040381059e+02, 0.,
       0., 1.2697711688153215e-01, 0. ]
