%YAML:1.0
M1: !!opencv-matrix
   rows: 3
   cols: 3
   dt: d
   data: [ 5.9750447637371326e+02, 0., 2.8932467237780622e+02, 0.,
       5.9750447637371326e+02, 2.2804637872589501e+02, 0., 0., 1. ]
D1: !!opencv-matrix
   rows: 1
   cols: 8
   dt: d
   data: [ -1.2041619090867069e-01, -3.1813675891015442e-02, 0., 0., 0.,
       0., 0., -2.1462663103066487e-01 ]
M2: !!opencv-matrix
   rows: 3
   cols: 3
   dt: d
   data: [ 5.9750447637371326e+02, 0., 3.3223973812722846e+02, 0.,
       5.9750447637371326e+02, 2.4092669105455604e+02, 0., 0., 1. ]
D2: !!opencv-matrix
   rows: 1
   cols: 8
   dt: d
   data: [ -1.2758226065690437e-01, -6.9682768704669787e-02, 0., 0., 0.,
       0., 0., -3.6833740895549166e-01 ]
